Depth = 6.85951pt
Height = 13.70952pt
TotalHeight = 20.56903pt
Width = 56.00511pt
